(kicad_pcb (version 20171130) (host pcbnew 5.0.1)

  (general
    (thickness 1.6)
    (drawings 12)
    (tracks 122)
    (zones 0)
    (modules 10)
    (nets 11)
  )

  (page USLetter)
  (title_block
    (title "PS/2 Breakout Board")
    (date 2017-07-17)
    (rev 1)
    (company "Ryan Pavlik")
  )

  (layers
    (0 F.Cu signal)
    (31 B.Cu signal)
    (32 B.Adhes user)
    (33 F.Adhes user)
    (34 B.Paste user)
    (35 F.Paste user)
    (36 B.SilkS user)
    (37 F.SilkS user)
    (38 B.Mask user)
    (39 F.Mask user)
    (40 Dwgs.User user)
    (41 Cmts.User user)
    (42 Eco1.User user)
    (43 Eco2.User user)
    (44 Edge.Cuts user)
    (45 Margin user)
    (46 B.CrtYd user)
    (47 F.CrtYd user)
    (48 B.Fab user)
    (49 F.Fab user)
  )

  (setup
    (last_trace_width 0.25)
    (trace_clearance 0.2)
    (zone_clearance 0.254)
    (zone_45_only no)
    (trace_min 0.11)
    (segment_width 0.2)
    (edge_width 0.15)
    (via_size 0.6)
    (via_drill 0.4)
    (via_min_size 0.4572)
    (via_min_drill 0.2032)
    (uvia_size 0.3)
    (uvia_drill 0.1)
    (uvias_allowed no)
    (uvia_min_size 0.0254)
    (uvia_min_drill 0.0254)
    (pcb_text_width 0.3)
    (pcb_text_size 1.5 1.5)
    (mod_edge_width 0.15)
    (mod_text_size 1 1)
    (mod_text_width 0.15)
    (pad_size 1.524 1.524)
    (pad_drill 0.762)
    (pad_to_mask_clearance 0.11)
    (solder_mask_min_width 0.11)
    (aux_axis_origin 0 0)
    (visible_elements 7FFFFF7F)
    (pcbplotparams
      (layerselection 0x010f0_ffffffff)
      (usegerberextensions false)
      (usegerberattributes false)
      (usegerberadvancedattributes false)
      (creategerberjobfile false)
      (excludeedgelayer true)
      (linewidth 0.100000)
      (plotframeref false)
      (viasonmask false)
      (mode 1)
      (useauxorigin false)
      (hpglpennumber 1)
      (hpglpenspeed 20)
      (hpglpendiameter 15.000000)
      (psnegative false)
      (psa4output false)
      (plotreference true)
      (plotvalue true)
      (plotinvisibletext false)
      (padsonsilk false)
      (subtractmaskfromsilk false)
      (outputformat 1)
      (mirror false)
      (drillshape 0)
      (scaleselection 1)
      (outputdirectory "DUALps2-breakout-gerbers"))
  )

  (net 0 "")
  (net 1 K_VCC)
  (net 2 M_CLK2)
  (net 3 M_CLK1)
  (net 4 K_DATA1)
  (net 5 K_DATA2)
  (net 6 M_DATA2)
  (net 7 M_DATA1)
  (net 8 K_CLK1)
  (net 9 K_CLK2)
  (net 10 K_GND)

  (net_class Default "This is the default net class."
    (clearance 0.2)
    (trace_width 0.25)
    (via_dia 0.6)
    (via_drill 0.4)
    (uvia_dia 0.3)
    (uvia_drill 0.1)
    (add_net K_CLK1)
    (add_net K_CLK2)
    (add_net K_DATA1)
    (add_net K_DATA2)
    (add_net K_GND)
    (add_net K_VCC)
    (add_net M_CLK1)
    (add_net M_CLK2)
    (add_net M_DATA1)
    (add_net M_DATA2)
  )

  (module PS2_mini_din_6:DUAL-MINI-DIN-6-FULL-SHIELD (layer F.Cu) (tedit 5BF15EE7) (tstamp 5BF26E94)
    (at 166.37 124.46)
    (path /5BF217B4)
    (fp_text reference J1 (at -10.16 19.685) (layer F.SilkS)
      (effects (font (size 1 1) (thickness 0.15)))
    )
    (fp_text value Dual-Mini-DIN-6_0 (at 0.15 1.325) (layer F.Fab) hide
      (effects (font (size 1 1) (thickness 0.15)))
    )
    (fp_line (start -8.8 19.75) (end 8.8 19.75) (layer F.SilkS) (width 0.15))
    (fp_line (start -9 20) (end 9.25 20) (layer F.CrtYd) (width 0.15))
    (fp_line (start 9.25 0) (end 9.25 20) (layer F.CrtYd) (width 0.15))
    (fp_line (start -8.8 19.7) (end -8.8 2.5) (layer F.SilkS) (width 0.15))
    (fp_line (start 8.8 2.5) (end 8.8 19.7) (layer F.SilkS) (width 0.15))
    (fp_line (start -8.8 2.5) (end 8.8 2.5) (layer F.SilkS) (width 0.15))
    (fp_line (start -9 0) (end 9.25 0) (layer F.CrtYd) (width 0.15))
    (fp_line (start -9 20) (end -9 0) (layer F.CrtYd) (width 0.15))
    (pad 13 thru_hole circle (at -6.75 15.5) (size 3.3 3.3) (drill 2.3) (layers *.Cu *.Mask)
      (net 10 K_GND))
    (pad 13 thru_hole circle (at 6.75 15.5) (size 3.3 3.3) (drill 2.3) (layers *.Cu *.Mask)
      (net 10 K_GND))
    (pad 8 thru_hole circle (at -1.33 15.5) (size 1.524 1.524) (drill 0.762) (layers *.Cu *.Mask)
      (net 6 M_DATA2))
    (pad 9 thru_hole circle (at 3.37 15.5) (size 1.524 1.524) (drill 0.762) (layers *.Cu *.Mask)
      (net 10 K_GND))
    (pad 7 thru_hole circle (at 1.27 15.5) (size 1.524 1.524) (drill 0.762) (layers *.Cu *.Mask)
      (net 7 M_DATA1))
    (pad 12 thru_hole circle (at -3.43 18) (size 1.524 1.524) (drill 0.762) (layers *.Cu *.Mask)
      (net 2 M_CLK2))
    (pad 11 thru_hole circle (at 3.37 18) (size 1.524 1.524) (drill 0.762) (layers *.Cu *.Mask)
      (net 3 M_CLK1))
    (pad 10 thru_hole circle (at -3.43 15.5) (size 1.524 1.524) (drill 0.762) (layers *.Cu *.Mask)
      (net 1 K_VCC))
    (pad 13 thru_hole circle (at -6.75 5.5) (size 3.3 3.3) (drill 2.3) (layers *.Cu *.Mask)
      (net 10 K_GND))
    (pad 13 thru_hole circle (at 6.75 5.5) (size 3.3 3.3) (drill 2.3) (layers *.Cu *.Mask)
      (net 10 K_GND))
    (pad 3 thru_hole circle (at 3.4 8.5) (size 1.524 1.524) (drill 0.762) (layers *.Cu *.Mask)
      (net 10 K_GND))
    (pad 5 thru_hole circle (at 3.4 11) (size 1.524 1.524) (drill 0.762) (layers *.Cu *.Mask)
      (net 8 K_CLK1))
    (pad 4 thru_hole circle (at -3.4 8.5) (size 1.524 1.524) (drill 0.762) (layers *.Cu *.Mask)
      (net 1 K_VCC))
    (pad 6 thru_hole circle (at -3.4 11) (size 1.524 1.524) (drill 0.762) (layers *.Cu *.Mask)
      (net 9 K_CLK2))
    (pad 1 thru_hole circle (at 1.3 8.5) (size 1.524 1.524) (drill 0.762) (layers *.Cu *.Mask)
      (net 4 K_DATA1))
    (pad 2 thru_hole circle (at -1.3 8.5) (size 1.524 1.524) (drill 0.762) (layers *.Cu *.Mask)
      (net 5 K_DATA2))
    (pad 13 thru_hole circle (at 0 4.7) (size 3.3 3.3) (drill 2.3) (layers *.Cu *.Mask)
      (net 10 K_GND))
  )

  (module Connector_PinHeader_2.54mm:PinHeader_2x06_P2.54mm_Vertical (layer F.Cu) (tedit 59FED5CC) (tstamp 5BF274C1)
    (at 160.02 161.925 90)
    (descr "Through hole straight pin header, 2x06, 2.54mm pitch, double rows")
    (tags "Through hole pin header THT 2x06 2.54mm double row")
    (path /5BF2377A)
    (fp_text reference J2 (at 1.27 -2.33 90) (layer F.SilkS)
      (effects (font (size 1 1) (thickness 0.15)))
    )
    (fp_text value Conn_02x06_Odd_Even (at 1.27 15.03 90) (layer F.Fab)
      (effects (font (size 1 1) (thickness 0.15)))
    )
    (fp_line (start 0 -1.27) (end 3.81 -1.27) (layer F.Fab) (width 0.1))
    (fp_line (start 3.81 -1.27) (end 3.81 13.97) (layer F.Fab) (width 0.1))
    (fp_line (start 3.81 13.97) (end -1.27 13.97) (layer F.Fab) (width 0.1))
    (fp_line (start -1.27 13.97) (end -1.27 0) (layer F.Fab) (width 0.1))
    (fp_line (start -1.27 0) (end 0 -1.27) (layer F.Fab) (width 0.1))
    (fp_line (start -1.33 14.03) (end 3.87 14.03) (layer F.SilkS) (width 0.12))
    (fp_line (start -1.33 1.27) (end -1.33 14.03) (layer F.SilkS) (width 0.12))
    (fp_line (start 3.87 -1.33) (end 3.87 14.03) (layer F.SilkS) (width 0.12))
    (fp_line (start -1.33 1.27) (end 1.27 1.27) (layer F.SilkS) (width 0.12))
    (fp_line (start 1.27 1.27) (end 1.27 -1.33) (layer F.SilkS) (width 0.12))
    (fp_line (start 1.27 -1.33) (end 3.87 -1.33) (layer F.SilkS) (width 0.12))
    (fp_line (start -1.33 0) (end -1.33 -1.33) (layer F.SilkS) (width 0.12))
    (fp_line (start -1.33 -1.33) (end 0 -1.33) (layer F.SilkS) (width 0.12))
    (fp_line (start -1.8 -1.8) (end -1.8 14.5) (layer F.CrtYd) (width 0.05))
    (fp_line (start -1.8 14.5) (end 4.35 14.5) (layer F.CrtYd) (width 0.05))
    (fp_line (start 4.35 14.5) (end 4.35 -1.8) (layer F.CrtYd) (width 0.05))
    (fp_line (start 4.35 -1.8) (end -1.8 -1.8) (layer F.CrtYd) (width 0.05))
    (fp_text user %R (at 1.27 6.35 180) (layer F.Fab)
      (effects (font (size 1 1) (thickness 0.15)))
    )
    (pad 1 thru_hole rect (at 0 0 90) (size 1.7 1.7) (drill 1) (layers *.Cu *.Mask)
      (net 4 K_DATA1))
    (pad 2 thru_hole oval (at 2.54 0 90) (size 1.7 1.7) (drill 1) (layers *.Cu *.Mask)
      (net 7 M_DATA1))
    (pad 3 thru_hole oval (at 0 2.54 90) (size 1.7 1.7) (drill 1) (layers *.Cu *.Mask)
      (net 5 K_DATA2))
    (pad 4 thru_hole oval (at 2.54 2.54 90) (size 1.7 1.7) (drill 1) (layers *.Cu *.Mask)
      (net 6 M_DATA2))
    (pad 5 thru_hole oval (at 0 5.08 90) (size 1.7 1.7) (drill 1) (layers *.Cu *.Mask)
      (net 10 K_GND))
    (pad 6 thru_hole oval (at 2.54 5.08 90) (size 1.7 1.7) (drill 1) (layers *.Cu *.Mask)
      (net 10 K_GND))
    (pad 7 thru_hole oval (at 0 7.62 90) (size 1.7 1.7) (drill 1) (layers *.Cu *.Mask)
      (net 1 K_VCC))
    (pad 8 thru_hole oval (at 2.54 7.62 90) (size 1.7 1.7) (drill 1) (layers *.Cu *.Mask)
      (net 1 K_VCC))
    (pad 9 thru_hole oval (at 0 10.16 90) (size 1.7 1.7) (drill 1) (layers *.Cu *.Mask)
      (net 8 K_CLK1))
    (pad 10 thru_hole oval (at 2.54 10.16 90) (size 1.7 1.7) (drill 1) (layers *.Cu *.Mask)
      (net 3 M_CLK1))
    (pad 11 thru_hole oval (at 0 12.7 90) (size 1.7 1.7) (drill 1) (layers *.Cu *.Mask)
      (net 9 K_CLK2))
    (pad 12 thru_hole oval (at 2.54 12.7 90) (size 1.7 1.7) (drill 1) (layers *.Cu *.Mask)
      (net 2 M_CLK2))
    (model ${KISYS3DMOD}/Connector_PinHeader_2.54mm.3dshapes/PinHeader_2x06_P2.54mm_Vertical.wrl
      (at (xyz 0 0 0))
      (scale (xyz 1 1 1))
      (rotate (xyz 0 0 0))
    )
  )

  (module Resistor_SMD:R_1206_3216Metric_Pad1.42x1.75mm_HandSolder (layer F.Cu) (tedit 5B301BBD) (tstamp 5BF26E77)
    (at 172.72 148.1725 270)
    (descr "Resistor SMD 1206 (3216 Metric), square (rectangular) end terminal, IPC_7351 nominal with elongated pad for handsoldering. (Body size source: http://www.tortai-tech.com/upload/download/2011102023233369053.pdf), generated with kicad-footprint-generator")
    (tags "resistor handsolder")
    (path /5BF24985)
    (attr smd)
    (fp_text reference R8 (at 3.5925 0) (layer F.SilkS)
      (effects (font (size 1 1) (thickness 0.15)))
    )
    (fp_text value 10k (at 0 1.82 270) (layer F.Fab)
      (effects (font (size 1 1) (thickness 0.15)))
    )
    (fp_text user %R (at 0 0 270) (layer F.Fab)
      (effects (font (size 0.8 0.8) (thickness 0.12)))
    )
    (fp_line (start 2.45 1.12) (end -2.45 1.12) (layer F.CrtYd) (width 0.05))
    (fp_line (start 2.45 -1.12) (end 2.45 1.12) (layer F.CrtYd) (width 0.05))
    (fp_line (start -2.45 -1.12) (end 2.45 -1.12) (layer F.CrtYd) (width 0.05))
    (fp_line (start -2.45 1.12) (end -2.45 -1.12) (layer F.CrtYd) (width 0.05))
    (fp_line (start -0.602064 0.91) (end 0.602064 0.91) (layer F.SilkS) (width 0.12))
    (fp_line (start -0.602064 -0.91) (end 0.602064 -0.91) (layer F.SilkS) (width 0.12))
    (fp_line (start 1.6 0.8) (end -1.6 0.8) (layer F.Fab) (width 0.1))
    (fp_line (start 1.6 -0.8) (end 1.6 0.8) (layer F.Fab) (width 0.1))
    (fp_line (start -1.6 -0.8) (end 1.6 -0.8) (layer F.Fab) (width 0.1))
    (fp_line (start -1.6 0.8) (end -1.6 -0.8) (layer F.Fab) (width 0.1))
    (pad 2 smd roundrect (at 1.4875 0 270) (size 1.425 1.75) (layers F.Cu F.Paste F.Mask) (roundrect_rratio 0.175439)
      (net 9 K_CLK2))
    (pad 1 smd roundrect (at -1.4875 0 270) (size 1.425 1.75) (layers F.Cu F.Paste F.Mask) (roundrect_rratio 0.175439)
      (net 1 K_VCC))
    (model ${KISYS3DMOD}/Resistor_SMD.3dshapes/R_1206_3216Metric.wrl
      (at (xyz 0 0 0))
      (scale (xyz 1 1 1))
      (rotate (xyz 0 0 0))
    )
  )

  (module Resistor_SMD:R_1206_3216Metric_Pad1.42x1.75mm_HandSolder (layer F.Cu) (tedit 5B301BBD) (tstamp 5BF26E66)
    (at 167.64 148.1725 270)
    (descr "Resistor SMD 1206 (3216 Metric), square (rectangular) end terminal, IPC_7351 nominal with elongated pad for handsoldering. (Body size source: http://www.tortai-tech.com/upload/download/2011102023233369053.pdf), generated with kicad-footprint-generator")
    (tags "resistor handsolder")
    (path /5BF2497F)
    (attr smd)
    (fp_text reference R7 (at 3.5925 0) (layer F.SilkS)
      (effects (font (size 1 1) (thickness 0.15)))
    )
    (fp_text value 10k (at 0 1.82 270) (layer F.Fab)
      (effects (font (size 1 1) (thickness 0.15)))
    )
    (fp_line (start -1.6 0.8) (end -1.6 -0.8) (layer F.Fab) (width 0.1))
    (fp_line (start -1.6 -0.8) (end 1.6 -0.8) (layer F.Fab) (width 0.1))
    (fp_line (start 1.6 -0.8) (end 1.6 0.8) (layer F.Fab) (width 0.1))
    (fp_line (start 1.6 0.8) (end -1.6 0.8) (layer F.Fab) (width 0.1))
    (fp_line (start -0.602064 -0.91) (end 0.602064 -0.91) (layer F.SilkS) (width 0.12))
    (fp_line (start -0.602064 0.91) (end 0.602064 0.91) (layer F.SilkS) (width 0.12))
    (fp_line (start -2.45 1.12) (end -2.45 -1.12) (layer F.CrtYd) (width 0.05))
    (fp_line (start -2.45 -1.12) (end 2.45 -1.12) (layer F.CrtYd) (width 0.05))
    (fp_line (start 2.45 -1.12) (end 2.45 1.12) (layer F.CrtYd) (width 0.05))
    (fp_line (start 2.45 1.12) (end -2.45 1.12) (layer F.CrtYd) (width 0.05))
    (fp_text user %R (at 0 0 270) (layer F.Fab)
      (effects (font (size 0.8 0.8) (thickness 0.12)))
    )
    (pad 1 smd roundrect (at -1.4875 0 270) (size 1.425 1.75) (layers F.Cu F.Paste F.Mask) (roundrect_rratio 0.175439)
      (net 1 K_VCC))
    (pad 2 smd roundrect (at 1.4875 0 270) (size 1.425 1.75) (layers F.Cu F.Paste F.Mask) (roundrect_rratio 0.175439)
      (net 8 K_CLK1))
    (model ${KISYS3DMOD}/Resistor_SMD.3dshapes/R_1206_3216Metric.wrl
      (at (xyz 0 0 0))
      (scale (xyz 1 1 1))
      (rotate (xyz 0 0 0))
    )
  )

  (module Resistor_SMD:R_1206_3216Metric_Pad1.42x1.75mm_HandSolder (layer F.Cu) (tedit 5B301BBD) (tstamp 5BF26E55)
    (at 160.02 148.1725 270)
    (descr "Resistor SMD 1206 (3216 Metric), square (rectangular) end terminal, IPC_7351 nominal with elongated pad for handsoldering. (Body size source: http://www.tortai-tech.com/upload/download/2011102023233369053.pdf), generated with kicad-footprint-generator")
    (tags "resistor handsolder")
    (path /5BF24979)
    (attr smd)
    (fp_text reference R6 (at 3.5925 0) (layer F.SilkS)
      (effects (font (size 1 1) (thickness 0.15)))
    )
    (fp_text value 10k (at 0 1.82 270) (layer F.Fab)
      (effects (font (size 1 1) (thickness 0.15)))
    )
    (fp_text user %R (at 0 0 270) (layer F.Fab)
      (effects (font (size 0.8 0.8) (thickness 0.12)))
    )
    (fp_line (start 2.45 1.12) (end -2.45 1.12) (layer F.CrtYd) (width 0.05))
    (fp_line (start 2.45 -1.12) (end 2.45 1.12) (layer F.CrtYd) (width 0.05))
    (fp_line (start -2.45 -1.12) (end 2.45 -1.12) (layer F.CrtYd) (width 0.05))
    (fp_line (start -2.45 1.12) (end -2.45 -1.12) (layer F.CrtYd) (width 0.05))
    (fp_line (start -0.602064 0.91) (end 0.602064 0.91) (layer F.SilkS) (width 0.12))
    (fp_line (start -0.602064 -0.91) (end 0.602064 -0.91) (layer F.SilkS) (width 0.12))
    (fp_line (start 1.6 0.8) (end -1.6 0.8) (layer F.Fab) (width 0.1))
    (fp_line (start 1.6 -0.8) (end 1.6 0.8) (layer F.Fab) (width 0.1))
    (fp_line (start -1.6 -0.8) (end 1.6 -0.8) (layer F.Fab) (width 0.1))
    (fp_line (start -1.6 0.8) (end -1.6 -0.8) (layer F.Fab) (width 0.1))
    (pad 2 smd roundrect (at 1.4875 0 270) (size 1.425 1.75) (layers F.Cu F.Paste F.Mask) (roundrect_rratio 0.175439)
      (net 7 M_DATA1))
    (pad 1 smd roundrect (at -1.4875 0 270) (size 1.425 1.75) (layers F.Cu F.Paste F.Mask) (roundrect_rratio 0.175439)
      (net 1 K_VCC))
    (model ${KISYS3DMOD}/Resistor_SMD.3dshapes/R_1206_3216Metric.wrl
      (at (xyz 0 0 0))
      (scale (xyz 1 1 1))
      (rotate (xyz 0 0 0))
    )
  )

  (module Resistor_SMD:R_1206_3216Metric_Pad1.42x1.75mm_HandSolder (layer F.Cu) (tedit 5B301BBD) (tstamp 5BF26E44)
    (at 165.1 148.1725 270)
    (descr "Resistor SMD 1206 (3216 Metric), square (rectangular) end terminal, IPC_7351 nominal with elongated pad for handsoldering. (Body size source: http://www.tortai-tech.com/upload/download/2011102023233369053.pdf), generated with kicad-footprint-generator")
    (tags "resistor handsolder")
    (path /5BF24973)
    (attr smd)
    (fp_text reference R5 (at 3.5925 0) (layer F.SilkS)
      (effects (font (size 1 1) (thickness 0.15)))
    )
    (fp_text value 10k (at 0 1.82 270) (layer F.Fab)
      (effects (font (size 1 1) (thickness 0.15)))
    )
    (fp_line (start -1.6 0.8) (end -1.6 -0.8) (layer F.Fab) (width 0.1))
    (fp_line (start -1.6 -0.8) (end 1.6 -0.8) (layer F.Fab) (width 0.1))
    (fp_line (start 1.6 -0.8) (end 1.6 0.8) (layer F.Fab) (width 0.1))
    (fp_line (start 1.6 0.8) (end -1.6 0.8) (layer F.Fab) (width 0.1))
    (fp_line (start -0.602064 -0.91) (end 0.602064 -0.91) (layer F.SilkS) (width 0.12))
    (fp_line (start -0.602064 0.91) (end 0.602064 0.91) (layer F.SilkS) (width 0.12))
    (fp_line (start -2.45 1.12) (end -2.45 -1.12) (layer F.CrtYd) (width 0.05))
    (fp_line (start -2.45 -1.12) (end 2.45 -1.12) (layer F.CrtYd) (width 0.05))
    (fp_line (start 2.45 -1.12) (end 2.45 1.12) (layer F.CrtYd) (width 0.05))
    (fp_line (start 2.45 1.12) (end -2.45 1.12) (layer F.CrtYd) (width 0.05))
    (fp_text user %R (at 0 0 270) (layer F.Fab)
      (effects (font (size 0.8 0.8) (thickness 0.12)))
    )
    (pad 1 smd roundrect (at -1.4875 0 270) (size 1.425 1.75) (layers F.Cu F.Paste F.Mask) (roundrect_rratio 0.175439)
      (net 1 K_VCC))
    (pad 2 smd roundrect (at 1.4875 0 270) (size 1.425 1.75) (layers F.Cu F.Paste F.Mask) (roundrect_rratio 0.175439)
      (net 6 M_DATA2))
    (model ${KISYS3DMOD}/Resistor_SMD.3dshapes/R_1206_3216Metric.wrl
      (at (xyz 0 0 0))
      (scale (xyz 1 1 1))
      (rotate (xyz 0 0 0))
    )
  )

  (module Resistor_SMD:R_1206_3216Metric_Pad1.42x1.75mm_HandSolder (layer F.Cu) (tedit 5B301BBD) (tstamp 5BF26E33)
    (at 162.56 148.1725 270)
    (descr "Resistor SMD 1206 (3216 Metric), square (rectangular) end terminal, IPC_7351 nominal with elongated pad for handsoldering. (Body size source: http://www.tortai-tech.com/upload/download/2011102023233369053.pdf), generated with kicad-footprint-generator")
    (tags "resistor handsolder")
    (path /5BF247A8)
    (attr smd)
    (fp_text reference R4 (at 3.5925 0) (layer F.SilkS)
      (effects (font (size 1 1) (thickness 0.15)))
    )
    (fp_text value 10k (at 0 1.82 270) (layer F.Fab)
      (effects (font (size 1 1) (thickness 0.15)))
    )
    (fp_text user %R (at 0 0 270) (layer F.Fab)
      (effects (font (size 0.8 0.8) (thickness 0.12)))
    )
    (fp_line (start 2.45 1.12) (end -2.45 1.12) (layer F.CrtYd) (width 0.05))
    (fp_line (start 2.45 -1.12) (end 2.45 1.12) (layer F.CrtYd) (width 0.05))
    (fp_line (start -2.45 -1.12) (end 2.45 -1.12) (layer F.CrtYd) (width 0.05))
    (fp_line (start -2.45 1.12) (end -2.45 -1.12) (layer F.CrtYd) (width 0.05))
    (fp_line (start -0.602064 0.91) (end 0.602064 0.91) (layer F.SilkS) (width 0.12))
    (fp_line (start -0.602064 -0.91) (end 0.602064 -0.91) (layer F.SilkS) (width 0.12))
    (fp_line (start 1.6 0.8) (end -1.6 0.8) (layer F.Fab) (width 0.1))
    (fp_line (start 1.6 -0.8) (end 1.6 0.8) (layer F.Fab) (width 0.1))
    (fp_line (start -1.6 -0.8) (end 1.6 -0.8) (layer F.Fab) (width 0.1))
    (fp_line (start -1.6 0.8) (end -1.6 -0.8) (layer F.Fab) (width 0.1))
    (pad 2 smd roundrect (at 1.4875 0 270) (size 1.425 1.75) (layers F.Cu F.Paste F.Mask) (roundrect_rratio 0.175439)
      (net 5 K_DATA2))
    (pad 1 smd roundrect (at -1.4875 0 270) (size 1.425 1.75) (layers F.Cu F.Paste F.Mask) (roundrect_rratio 0.175439)
      (net 1 K_VCC))
    (model ${KISYS3DMOD}/Resistor_SMD.3dshapes/R_1206_3216Metric.wrl
      (at (xyz 0 0 0))
      (scale (xyz 1 1 1))
      (rotate (xyz 0 0 0))
    )
  )

  (module Resistor_SMD:R_1206_3216Metric_Pad1.42x1.75mm_HandSolder (layer F.Cu) (tedit 5B301BBD) (tstamp 5BF26E22)
    (at 157.48 148.1725 270)
    (descr "Resistor SMD 1206 (3216 Metric), square (rectangular) end terminal, IPC_7351 nominal with elongated pad for handsoldering. (Body size source: http://www.tortai-tech.com/upload/download/2011102023233369053.pdf), generated with kicad-footprint-generator")
    (tags "resistor handsolder")
    (path /5BF247A2)
    (attr smd)
    (fp_text reference R3 (at 3.5925 0) (layer F.SilkS)
      (effects (font (size 1 1) (thickness 0.15)))
    )
    (fp_text value 10k (at 0 1.82 270) (layer F.Fab)
      (effects (font (size 1 1) (thickness 0.15)))
    )
    (fp_line (start -1.6 0.8) (end -1.6 -0.8) (layer F.Fab) (width 0.1))
    (fp_line (start -1.6 -0.8) (end 1.6 -0.8) (layer F.Fab) (width 0.1))
    (fp_line (start 1.6 -0.8) (end 1.6 0.8) (layer F.Fab) (width 0.1))
    (fp_line (start 1.6 0.8) (end -1.6 0.8) (layer F.Fab) (width 0.1))
    (fp_line (start -0.602064 -0.91) (end 0.602064 -0.91) (layer F.SilkS) (width 0.12))
    (fp_line (start -0.602064 0.91) (end 0.602064 0.91) (layer F.SilkS) (width 0.12))
    (fp_line (start -2.45 1.12) (end -2.45 -1.12) (layer F.CrtYd) (width 0.05))
    (fp_line (start -2.45 -1.12) (end 2.45 -1.12) (layer F.CrtYd) (width 0.05))
    (fp_line (start 2.45 -1.12) (end 2.45 1.12) (layer F.CrtYd) (width 0.05))
    (fp_line (start 2.45 1.12) (end -2.45 1.12) (layer F.CrtYd) (width 0.05))
    (fp_text user %R (at 0 0 270) (layer F.Fab)
      (effects (font (size 0.8 0.8) (thickness 0.12)))
    )
    (pad 1 smd roundrect (at -1.4875 0 270) (size 1.425 1.75) (layers F.Cu F.Paste F.Mask) (roundrect_rratio 0.175439)
      (net 1 K_VCC))
    (pad 2 smd roundrect (at 1.4875 0 270) (size 1.425 1.75) (layers F.Cu F.Paste F.Mask) (roundrect_rratio 0.175439)
      (net 4 K_DATA1))
    (model ${KISYS3DMOD}/Resistor_SMD.3dshapes/R_1206_3216Metric.wrl
      (at (xyz 0 0 0))
      (scale (xyz 1 1 1))
      (rotate (xyz 0 0 0))
    )
  )

  (module Resistor_SMD:R_1206_3216Metric_Pad1.42x1.75mm_HandSolder (layer F.Cu) (tedit 5B301BBD) (tstamp 5BF26E11)
    (at 170.18 148.1725 270)
    (descr "Resistor SMD 1206 (3216 Metric), square (rectangular) end terminal, IPC_7351 nominal with elongated pad for handsoldering. (Body size source: http://www.tortai-tech.com/upload/download/2011102023233369053.pdf), generated with kicad-footprint-generator")
    (tags "resistor handsolder")
    (path /5BF2424B)
    (attr smd)
    (fp_text reference R2 (at 3.5925 0) (layer F.SilkS)
      (effects (font (size 1 1) (thickness 0.15)))
    )
    (fp_text value 10k (at 0 1.82 270) (layer F.Fab)
      (effects (font (size 1 1) (thickness 0.15)))
    )
    (fp_text user %R (at 0 0 270) (layer F.Fab)
      (effects (font (size 0.8 0.8) (thickness 0.12)))
    )
    (fp_line (start 2.45 1.12) (end -2.45 1.12) (layer F.CrtYd) (width 0.05))
    (fp_line (start 2.45 -1.12) (end 2.45 1.12) (layer F.CrtYd) (width 0.05))
    (fp_line (start -2.45 -1.12) (end 2.45 -1.12) (layer F.CrtYd) (width 0.05))
    (fp_line (start -2.45 1.12) (end -2.45 -1.12) (layer F.CrtYd) (width 0.05))
    (fp_line (start -0.602064 0.91) (end 0.602064 0.91) (layer F.SilkS) (width 0.12))
    (fp_line (start -0.602064 -0.91) (end 0.602064 -0.91) (layer F.SilkS) (width 0.12))
    (fp_line (start 1.6 0.8) (end -1.6 0.8) (layer F.Fab) (width 0.1))
    (fp_line (start 1.6 -0.8) (end 1.6 0.8) (layer F.Fab) (width 0.1))
    (fp_line (start -1.6 -0.8) (end 1.6 -0.8) (layer F.Fab) (width 0.1))
    (fp_line (start -1.6 0.8) (end -1.6 -0.8) (layer F.Fab) (width 0.1))
    (pad 2 smd roundrect (at 1.4875 0 270) (size 1.425 1.75) (layers F.Cu F.Paste F.Mask) (roundrect_rratio 0.175439)
      (net 3 M_CLK1))
    (pad 1 smd roundrect (at -1.4875 0 270) (size 1.425 1.75) (layers F.Cu F.Paste F.Mask) (roundrect_rratio 0.175439)
      (net 1 K_VCC))
    (model ${KISYS3DMOD}/Resistor_SMD.3dshapes/R_1206_3216Metric.wrl
      (at (xyz 0 0 0))
      (scale (xyz 1 1 1))
      (rotate (xyz 0 0 0))
    )
  )

  (module Resistor_SMD:R_1206_3216Metric_Pad1.42x1.75mm_HandSolder (layer F.Cu) (tedit 5B301BBD) (tstamp 5BF26E00)
    (at 175.26 148.1725 270)
    (descr "Resistor SMD 1206 (3216 Metric), square (rectangular) end terminal, IPC_7351 nominal with elongated pad for handsoldering. (Body size source: http://www.tortai-tech.com/upload/download/2011102023233369053.pdf), generated with kicad-footprint-generator")
    (tags "resistor handsolder")
    (path /5BF240A5)
    (attr smd)
    (fp_text reference R1 (at 3.5925 0) (layer F.SilkS)
      (effects (font (size 1 1) (thickness 0.15)))
    )
    (fp_text value 10k (at 0 1.82 270) (layer F.Fab)
      (effects (font (size 1 1) (thickness 0.15)))
    )
    (fp_line (start -1.6 0.8) (end -1.6 -0.8) (layer F.Fab) (width 0.1))
    (fp_line (start -1.6 -0.8) (end 1.6 -0.8) (layer F.Fab) (width 0.1))
    (fp_line (start 1.6 -0.8) (end 1.6 0.8) (layer F.Fab) (width 0.1))
    (fp_line (start 1.6 0.8) (end -1.6 0.8) (layer F.Fab) (width 0.1))
    (fp_line (start -0.602064 -0.91) (end 0.602064 -0.91) (layer F.SilkS) (width 0.12))
    (fp_line (start -0.602064 0.91) (end 0.602064 0.91) (layer F.SilkS) (width 0.12))
    (fp_line (start -2.45 1.12) (end -2.45 -1.12) (layer F.CrtYd) (width 0.05))
    (fp_line (start -2.45 -1.12) (end 2.45 -1.12) (layer F.CrtYd) (width 0.05))
    (fp_line (start 2.45 -1.12) (end 2.45 1.12) (layer F.CrtYd) (width 0.05))
    (fp_line (start 2.45 1.12) (end -2.45 1.12) (layer F.CrtYd) (width 0.05))
    (fp_text user %R (at 0 0 270) (layer F.Fab)
      (effects (font (size 0.8 0.8) (thickness 0.12)))
    )
    (pad 1 smd roundrect (at -1.4875 0 270) (size 1.425 1.75) (layers F.Cu F.Paste F.Mask) (roundrect_rratio 0.175439)
      (net 1 K_VCC))
    (pad 2 smd roundrect (at 1.4875 0 270) (size 1.425 1.75) (layers F.Cu F.Paste F.Mask) (roundrect_rratio 0.175439)
      (net 2 M_CLK2))
    (model ${KISYS3DMOD}/Resistor_SMD.3dshapes/R_1206_3216Metric.wrl
      (at (xyz 0 0 0))
      (scale (xyz 1 1 1))
      (rotate (xyz 0 0 0))
    )
  )

  (gr_line (start 154.94 163.83) (end 177.8 163.83) (layer Edge.Cuts) (width 0.2))
  (gr_line (start 154.94 124.46) (end 154.94 163.83) (layer Edge.Cuts) (width 0.2))
  (gr_line (start 177.8 124.46) (end 154.94 124.46) (layer Edge.Cuts) (width 0.2))
  (gr_line (start 177.8 163.83) (end 177.8 124.46) (layer Edge.Cuts) (width 0.2))
  (gr_text M (at 175.26 161.925) (layer F.SilkS)
    (effects (font (size 1.5 1.5) (thickness 0.3)))
  )
  (gr_text K (at 175.26 159.385) (layer F.SilkS)
    (effects (font (size 1.5 1.5) (thickness 0.3)))
  )
  (gr_text CLK2 (at 172.72 155.575 90) (layer F.SilkS) (tstamp 5BF27D78)
    (effects (font (size 1 1) (thickness 0.25)))
  )
  (gr_text CLK1 (at 170.18 155.575 90) (layer F.SilkS) (tstamp 5BF27D76)
    (effects (font (size 1 1) (thickness 0.25)))
  )
  (gr_text VCC (at 167.64 155.575 90) (layer F.SilkS) (tstamp 5BF27D74)
    (effects (font (size 1 1) (thickness 0.25)))
  )
  (gr_text GND (at 165.1 155.575 90) (layer F.SilkS) (tstamp 5BF27D72)
    (effects (font (size 1 1) (thickness 0.25)))
  )
  (gr_text DATA2 (at 162.56 155.575 90) (layer F.SilkS) (tstamp 5BF27D70)
    (effects (font (size 1 1) (thickness 0.25)))
  )
  (gr_text DATA1 (at 160.02 155.575 90) (layer F.SilkS)
    (effects (font (size 1 1) (thickness 0.25)))
  )

  (segment (start 157.48 146.685) (end 160.02 146.685) (width 0.25) (layer F.Cu) (net 1))
  (segment (start 160.02 146.685) (end 162.56 146.685) (width 0.25) (layer F.Cu) (net 1))
  (segment (start 162.56 146.685) (end 165.1 146.685) (width 0.25) (layer F.Cu) (net 1))
  (segment (start 165.1 146.685) (end 167.64 146.685) (width 0.25) (layer F.Cu) (net 1))
  (segment (start 167.64 146.685) (end 170.18 146.685) (width 0.25) (layer F.Cu) (net 1))
  (segment (start 170.18 146.685) (end 172.72 146.685) (width 0.25) (layer F.Cu) (net 1))
  (segment (start 172.72 146.685) (end 175.26 146.685) (width 0.25) (layer F.Cu) (net 1))
  (segment (start 167.64 161.925) (end 167.64 159.385) (width 0.25) (layer F.Cu) (net 1))
  (segment (start 166.868653 147.456347) (end 167.64 146.685) (width 0.25) (layer F.Cu) (net 1))
  (segment (start 166.30001 148.02499) (end 166.868653 147.456347) (width 0.25) (layer F.Cu) (net 1))
  (segment (start 166.30001 158.04501) (end 166.30001 148.02499) (width 0.25) (layer F.Cu) (net 1))
  (segment (start 167.64 159.385) (end 166.30001 158.04501) (width 0.25) (layer F.Cu) (net 1))
  (segment (start 163.701999 140.721999) (end 162.94 139.96) (width 0.25) (layer F.Cu) (net 1))
  (segment (start 165.871347 142.891347) (end 163.701999 140.721999) (width 0.25) (layer F.Cu) (net 1))
  (segment (start 165.871347 145.913653) (end 165.871347 142.891347) (width 0.25) (layer F.Cu) (net 1))
  (segment (start 165.1 146.685) (end 165.871347 145.913653) (width 0.25) (layer F.Cu) (net 1))
  (segment (start 162.208001 133.721999) (end 162.97 132.96) (width 0.25) (layer F.Cu) (net 1))
  (segment (start 161.882999 134.047001) (end 162.208001 133.721999) (width 0.25) (layer F.Cu) (net 1))
  (segment (start 161.882999 138.902999) (end 161.882999 134.047001) (width 0.25) (layer F.Cu) (net 1))
  (segment (start 162.94 139.96) (end 161.882999 138.902999) (width 0.25) (layer F.Cu) (net 1))
  (via (at 175.26 149.86) (size 0.6) (drill 0.4) (layers F.Cu B.Cu) (net 2))
  (segment (start 175.26 156.845) (end 175.26 149.66) (width 0.25) (layer F.Cu) (net 2))
  (segment (start 172.72 159.385) (end 175.26 156.845) (width 0.25) (layer F.Cu) (net 2))
  (segment (start 162.178001 141.698001) (end 162.94 142.46) (width 0.25) (layer F.Cu) (net 2))
  (segment (start 169.863762 131.445) (end 162.876238 131.445) (width 0.25) (layer F.Cu) (net 2))
  (segment (start 176.910019 138.491257) (end 169.863762 131.445) (width 0.25) (layer F.Cu) (net 2))
  (segment (start 176.910019 148.009981) (end 176.910019 138.491257) (width 0.25) (layer F.Cu) (net 2))
  (segment (start 175.26 149.66) (end 176.910019 148.009981) (width 0.25) (layer F.Cu) (net 2))
  (segment (start 159.196998 142.46) (end 161.86237 142.46) (width 0.25) (layer F.Cu) (net 2))
  (segment (start 161.86237 142.46) (end 162.94 142.46) (width 0.25) (layer F.Cu) (net 2))
  (segment (start 157.644999 140.908001) (end 159.196998 142.46) (width 0.25) (layer F.Cu) (net 2))
  (segment (start 157.644999 136.676239) (end 157.644999 140.908001) (width 0.25) (layer F.Cu) (net 2))
  (segment (start 162.876238 131.445) (end 157.644999 136.676239) (width 0.25) (layer F.Cu) (net 2))
  (via (at 172.72 149.86) (size 0.6) (drill 0.4) (layers F.Cu B.Cu) (net 9))
  (via (at 165.1 149.86) (size 0.6) (drill 0.4) (layers F.Cu B.Cu) (net 6))
  (via (at 162.56 149.66) (size 0.6) (drill 0.4) (layers F.Cu B.Cu) (net 5))
  (via (at 170.18 149.86) (size 0.6) (drill 0.4) (layers F.Cu B.Cu) (net 3))
  (segment (start 170.18 159.385) (end 170.18 149.86) (width 0.25) (layer F.Cu) (net 3))
  (segment (start 170.18 142.9) (end 169.74 142.46) (width 0.25) (layer B.Cu) (net 3))
  (segment (start 170.18 149.86) (end 170.18 142.9) (width 0.25) (layer B.Cu) (net 3))
  (via (at 167.64 149.86) (size 0.6) (drill 0.4) (layers F.Cu B.Cu) (net 8))
  (via (at 160.02 149.86) (size 0.6) (drill 0.4) (layers F.Cu B.Cu) (net 7))
  (via (at 157.48 149.86) (size 0.6) (drill 0.4) (layers F.Cu B.Cu) (net 4))
  (segment (start 157.48 150.284264) (end 157.48 149.86) (width 0.25) (layer F.Cu) (net 4))
  (segment (start 160.02 161.925) (end 158.92 161.925) (width 0.25) (layer F.Cu) (net 4))
  (segment (start 160.630003 131.872999) (end 166.582999 131.872999) (width 0.25) (layer B.Cu) (net 4))
  (segment (start 157.48 135.023002) (end 160.630003 131.872999) (width 0.25) (layer B.Cu) (net 4))
  (segment (start 166.908001 132.198001) (end 167.67 132.96) (width 0.25) (layer B.Cu) (net 4))
  (segment (start 166.582999 131.872999) (end 166.908001 132.198001) (width 0.25) (layer B.Cu) (net 4))
  (segment (start 157.48 149.86) (end 157.48 135.023002) (width 0.25) (layer B.Cu) (net 4))
  (segment (start 157.48 149.86) (end 157.48 159.385) (width 0.25) (layer F.Cu) (net 4))
  (segment (start 160.02 161.925) (end 157.48 159.385) (width 0.25) (layer F.Cu) (net 4))
  (segment (start 161.29 150.93) (end 161.788653 150.431347) (width 0.25) (layer F.Cu) (net 5))
  (segment (start 161.788653 150.431347) (end 162.56 149.66) (width 0.25) (layer F.Cu) (net 5))
  (segment (start 161.29 160.655) (end 161.29 150.93) (width 0.25) (layer F.Cu) (net 5))
  (segment (start 162.56 161.925) (end 161.29 160.655) (width 0.25) (layer F.Cu) (net 5))
  (segment (start 165.07 134.03763) (end 165.07 132.96) (width 0.25) (layer B.Cu) (net 5))
  (segment (start 161.595001 138.443761) (end 165.07 134.968762) (width 0.25) (layer B.Cu) (net 5))
  (segment (start 161.595001 140.908001) (end 161.595001 138.443761) (width 0.25) (layer B.Cu) (net 5))
  (segment (start 165.07 134.968762) (end 165.07 134.03763) (width 0.25) (layer B.Cu) (net 5))
  (segment (start 159.394999 143.108003) (end 161.595001 140.908001) (width 0.25) (layer B.Cu) (net 5))
  (segment (start 159.394999 150.160001) (end 159.394999 143.108003) (width 0.25) (layer B.Cu) (net 5))
  (segment (start 159.719999 150.485001) (end 159.394999 150.160001) (width 0.25) (layer B.Cu) (net 5))
  (segment (start 161.734999 150.485001) (end 159.719999 150.485001) (width 0.25) (layer B.Cu) (net 5))
  (segment (start 162.56 149.66) (end 161.734999 150.485001) (width 0.25) (layer B.Cu) (net 5))
  (segment (start 162.56 152.2) (end 165.1 149.66) (width 0.25) (layer F.Cu) (net 6))
  (segment (start 162.56 159.385) (end 162.56 152.2) (width 0.25) (layer F.Cu) (net 6))
  (segment (start 165.04 138.88237) (end 165.04 139.96) (width 0.25) (layer B.Cu) (net 6))
  (segment (start 165.04 138.581238) (end 165.04 138.88237) (width 0.25) (layer B.Cu) (net 6))
  (segment (start 169.248239 134.372999) (end 165.04 138.581238) (width 0.25) (layer B.Cu) (net 6))
  (segment (start 170.456001 134.372999) (end 169.248239 134.372999) (width 0.25) (layer B.Cu) (net 6))
  (segment (start 175.095001 139.011999) (end 170.456001 134.372999) (width 0.25) (layer B.Cu) (net 6))
  (segment (start 175.095001 145.870001) (end 175.095001 139.011999) (width 0.25) (layer B.Cu) (net 6))
  (segment (start 170.480001 150.485001) (end 175.095001 145.870001) (width 0.25) (layer B.Cu) (net 6))
  (segment (start 165.725001 150.485001) (end 170.480001 150.485001) (width 0.25) (layer B.Cu) (net 6))
  (segment (start 165.1 149.86) (end 165.725001 150.485001) (width 0.25) (layer B.Cu) (net 6))
  (segment (start 160.02 159.385) (end 160.02 149.86) (width 0.25) (layer F.Cu) (net 7))
  (segment (start 160.02 147.58) (end 167.64 139.96) (width 0.25) (layer B.Cu) (net 7))
  (segment (start 160.02 149.86) (end 160.02 147.58) (width 0.25) (layer B.Cu) (net 7))
  (segment (start 168.91 160.655) (end 168.91 150.93) (width 0.25) (layer F.Cu) (net 8))
  (segment (start 168.411347 150.431347) (end 167.64 149.66) (width 0.25) (layer F.Cu) (net 8))
  (segment (start 168.91 150.93) (end 168.411347 150.431347) (width 0.25) (layer F.Cu) (net 8))
  (segment (start 170.18 161.925) (end 168.91 160.655) (width 0.25) (layer F.Cu) (net 8))
  (segment (start 170.827001 136.517001) (end 170.531999 136.221999) (width 0.25) (layer B.Cu) (net 8))
  (segment (start 170.531999 136.221999) (end 169.77 135.46) (width 0.25) (layer B.Cu) (net 8))
  (segment (start 170.827001 140.481761) (end 170.827001 136.517001) (width 0.25) (layer B.Cu) (net 8))
  (segment (start 170.261761 141.047001) (end 170.827001 140.481761) (width 0.25) (layer B.Cu) (net 8))
  (segment (start 169.467999 141.047001) (end 170.261761 141.047001) (width 0.25) (layer B.Cu) (net 8))
  (segment (start 167.64 142.875) (end 169.467999 141.047001) (width 0.25) (layer B.Cu) (net 8))
  (segment (start 167.64 149.86) (end 167.64 142.875) (width 0.25) (layer B.Cu) (net 8))
  (segment (start 172.420001 150.159999) (end 172.72 149.86) (width 0.25) (layer F.Cu) (net 9))
  (segment (start 171.45 151.13) (end 172.420001 150.159999) (width 0.25) (layer F.Cu) (net 9))
  (segment (start 171.45 160.655) (end 171.45 151.13) (width 0.25) (layer F.Cu) (net 9))
  (segment (start 172.72 161.925) (end 171.45 160.655) (width 0.25) (layer F.Cu) (net 9))
  (segment (start 163.731999 136.221999) (end 162.97 135.46) (width 0.25) (layer F.Cu) (net 9))
  (segment (start 164.057001 136.547001) (end 163.731999 136.221999) (width 0.25) (layer F.Cu) (net 9))
  (segment (start 172.630003 136.547001) (end 164.057001 136.547001) (width 0.25) (layer F.Cu) (net 9))
  (segment (start 176.46001 140.377008) (end 172.630003 136.547001) (width 0.25) (layer F.Cu) (net 9))
  (segment (start 176.46001 147.38568) (end 176.46001 140.377008) (width 0.25) (layer F.Cu) (net 9))
  (segment (start 176.12318 147.72251) (end 176.46001 147.38568) (width 0.25) (layer F.Cu) (net 9))
  (segment (start 174.65749 147.72251) (end 176.12318 147.72251) (width 0.25) (layer F.Cu) (net 9))
  (segment (start 172.72 149.66) (end 174.65749 147.72251) (width 0.25) (layer F.Cu) (net 9))
  (via (at 155.575 163.195) (size 0.6) (drill 0.4) (layers F.Cu B.Cu) (net 10))
  (via (at 177.165 163.195) (size 0.6) (drill 0.4) (layers F.Cu B.Cu) (net 10))
  (via (at 155.575 125.095) (size 0.6) (drill 0.4) (layers F.Cu B.Cu) (net 10))
  (via (at 177.165 125.095) (size 0.6) (drill 0.4) (layers F.Cu B.Cu) (net 10))
  (via (at 156.21 125.73) (size 0.6) (drill 0.4) (layers F.Cu B.Cu) (net 10))
  (via (at 157.48 127) (size 0.6) (drill 0.4) (layers F.Cu B.Cu) (net 10))
  (via (at 156.21 162.56) (size 0.6) (drill 0.4) (layers F.Cu B.Cu) (net 10))
  (via (at 176.53 162.56) (size 0.6) (drill 0.4) (layers F.Cu B.Cu) (net 10))
  (via (at 175.26 161.29) (size 0.6) (drill 0.4) (layers F.Cu B.Cu) (net 10))
  (via (at 176.53 125.73) (size 0.6) (drill 0.4) (layers F.Cu B.Cu) (net 10))
  (via (at 175.26 127) (size 0.6) (drill 0.4) (layers F.Cu B.Cu) (net 10))
  (via (at 157.48 161.29) (size 0.6) (drill 0.4) (layers F.Cu B.Cu) (net 10))
  (via (at 173.355 153.035) (size 0.6) (drill 0.4) (layers F.Cu B.Cu) (net 10))
  (via (at 170.815 153.035) (size 0.6) (drill 0.4) (layers F.Cu B.Cu) (net 10))
  (via (at 169.545 153.035) (size 0.6) (drill 0.4) (layers F.Cu B.Cu) (net 10))
  (via (at 168.275 153.035) (size 0.6) (drill 0.4) (layers F.Cu B.Cu) (net 10))
  (via (at 161.925 153.035) (size 0.6) (drill 0.4) (layers F.Cu B.Cu) (net 10))
  (via (at 160.655 153.035) (size 0.6) (drill 0.4) (layers F.Cu B.Cu) (net 10))
  (via (at 160.02 136.525) (size 0.6) (drill 0.4) (layers F.Cu B.Cu) (net 10))
  (via (at 168.91 144.145) (size 0.6) (drill 0.4) (layers F.Cu B.Cu) (net 10))

  (zone (net 10) (net_name K_GND) (layer F.Cu) (tstamp 5BF29EC5) (hatch edge 0.508)
    (connect_pads (clearance 0.254))
    (min_thickness 0.254)
    (fill yes (arc_segments 16) (thermal_gap 0.508) (thermal_bridge_width 0.508))
    (polygon
      (pts
        (xy 154.94 124.46) (xy 177.8 124.46) (xy 177.8 163.83) (xy 154.94 163.83)
      )
    )
    (filled_polygon
      (pts
        (xy 177.319 163.349) (xy 165.499083 163.349) (xy 165.866924 163.196645) (xy 166.295183 162.806358) (xy 166.482245 162.408037)
        (xy 166.752499 162.812501) (xy 167.159688 163.084576) (xy 167.518761 163.156) (xy 167.761239 163.156) (xy 168.120312 163.084576)
        (xy 168.527501 162.812501) (xy 168.799576 162.405312) (xy 168.895116 161.925) (xy 168.799576 161.444688) (xy 168.527501 161.037499)
        (xy 168.146 160.782588) (xy 168.146 160.527412) (xy 168.404 160.355022) (xy 168.404 160.605166) (xy 168.394087 160.655)
        (xy 168.404 160.704834) (xy 168.433359 160.85243) (xy 168.545194 161.019806) (xy 168.587447 161.048038) (xy 169.014397 161.474988)
        (xy 168.924884 161.925) (xy 169.020424 162.405312) (xy 169.292499 162.812501) (xy 169.699688 163.084576) (xy 170.058761 163.156)
        (xy 170.301239 163.156) (xy 170.660312 163.084576) (xy 171.067501 162.812501) (xy 171.339576 162.405312) (xy 171.435116 161.925)
        (xy 171.339576 161.444688) (xy 171.067501 161.037499) (xy 170.660312 160.765424) (xy 170.301239 160.694) (xy 170.058761 160.694)
        (xy 169.729988 160.759397) (xy 169.416 160.445409) (xy 169.416 160.355022) (xy 169.699688 160.544576) (xy 170.058761 160.616)
        (xy 170.301239 160.616) (xy 170.660312 160.544576) (xy 170.944 160.355022) (xy 170.944 160.605166) (xy 170.934087 160.655)
        (xy 170.944 160.704834) (xy 170.973359 160.85243) (xy 171.085194 161.019806) (xy 171.127447 161.048038) (xy 171.554397 161.474988)
        (xy 171.464884 161.925) (xy 171.560424 162.405312) (xy 171.832499 162.812501) (xy 172.239688 163.084576) (xy 172.598761 163.156)
